Version 0.9.7
6
 4 33 223 77 128 0 1
 5 841 505 206 81 2 2
 0 158 149 877 276 8 3
 1 331 474 206 81 140 4
 3 509 52 203 58 160 6
 1 771 472 206 81 323 10
 0
42
 16744448 5 263 319 263 319 263 319 354 319 354 319 354 319 0 3 0 3
 16744448 5 354 306 354 306 354 306 354 267 354 267 354 267 0 3 0 3
 16744448 5 354 215 354 215 354 127 555 127 555 96 555 96 0 3 0 6
 65793 5 315 358 315 358 315 358 315 397 315 397 315 397 0 3 0 3
 255 5 237 215 237 215 237 215 237 176 237 176 237 176 0 3 0 3
 255 5 393 176 393 176 393 176 393 215 393 215 393 215 0 3 0 3
 0 5 471 358 471 358 471 358 471 397 471 397 471 397 0 3 0 3
 8453888 5 393 358 393 358 393 447 425 447 425 485 425 485 0 3 0 4
 8453888 5 406 358 406 358 406 436 444 436 444 485 444 485 0 3 0 4
 8453888 5 419 319 419 319 419 319 510 319 510 319 510 319 0 3 0 3
 8453888 5 510 306 510 306 510 306 510 267 510 267 510 267 0 3 0 3
 8453888 5 510 215 510 215 510 141 575 141 575 96 575 96 0 3 0 6
 255 5 94 237 94 237 94 176 94 176 211 176 211 176 0 1 0 3
 16744448 5 237 358 237 358 238 358 238 468 387 468 387 485 0 3 0 4
 16744448 5 250 358 250 358 250 457 406 457 406 485 406 485 0 3 0 4
 65793 5 94 310 94 310 152 310 152 397 211 397 211 397 0 1 0 3
 65793 5 94 297 94 297 149 297 149 89 520 89 520 89 0 1 0 6
 65793 5 94 323 94 322 139 322 139 543 346 543 346 543 0 1 0 4
 255 5 549 215 549 215 549 215 549 176 549 176 549 176 0 3 0 3
 255 5 705 215 705 215 705 215 705 176 705 176 705 176 0 3 0 3
 0 5 627 358 627 358 627 358 627 397 627 397 627 397 0 3 0 3
 0 5 783 358 783 358 783 358 783 397 783 397 783 397 0 3 0 3
 8388863 5 463 485 463 485 463 439 549 439 549 358 549 358 0 4 0 3
 8388863 5 482 485 482 485 482 451 562 451 562 358 562 358 0 4 0 3
 8388863 5 575 319 575 319 575 319 666 319 666 319 666 319 0 3 0 3
 8388863 5 666 306 666 306 666 306 666 267 666 267 666 267 0 3 0 3
 8388863 5 666 215 666 215 666 139 595 139 595 96 595 96 0 3 0 6
 255 5 94 250 94 250 132 250 132 485 346 485 346 485 0 1 0 4
 33023 5 501 485 501 460 719 460 719 358 718 358 718 358 0 4 0 3
 33023 5 520 485 520 485 520 473 731 473 731 358 731 358 0 4 0 3
 33023 5 705 319 705 319 705 319 822 319 822 319 822 319 0 3 0 3
 33023 5 822 306 822 306 822 306 822 267 822 267 822 267 0 3 0 3
 33023 5 822 215 822 215 822 126 615 126 615 96 615 96 0 3 0 6
 0 5 939 358 939 358 939 358 939 397 939 397 939 397 0 3 0 3
 255 5 861 215 861 215 861 215 861 176 861 176 861 176 0 3 0 3
 255 5 94 263 125 263 125 561 576 561 576 483 786 483 0 1 0 10
 65793 5 94 336 115 336 115 569 591 569 591 541 786 541 0 1 0 10
 32768 5 827 483 827 483 827 429 861 429 861 358 861 358 0 10 0 3
 32768 5 874 358 874 358 874 438 846 438 846 483 846 483 0 3 0 10
 32768 5 887 319 887 319 887 319 978 319 978 319 978 319 0 3 0 3
 32768 5 978 306 978 306 978 306 978 267 978 267 978 267 0 3 0 3
 32768 5 978 215 978 215 978 114 635 114 635 96 635 96 0 3 0 6
5
 7008 1 14 231 267 5 0 8648872 19929248 3
 7032 1 14 387 267 5 0 8648872 19929248 3
 7000 1 14 543 267 5 0 8648872 19929248 3
 7002 1 14 699 267 5 0 8648872 19929248 3
 7086 1 14 855 267 5 0 8648872 19929248 3
